File: random_numbers.txt
Number of numbers: 100
Size in bytes: 494
Contents:
560
426
997
715
131
284
777
979
422
535
382
506
301
213
103
121
958
750
491
965
711
810
546
483
309
674
847
622
50
667
698
909
327
688
171
887
871
922
629
302
894
215
328
956
520
899
481
459
217
904
144
13
809
512
594
814
749
367
832
655
159
950
634
620
851
641
390
175
89
902
839
400
648
373
355
47
227
674
988
539
432
827
803
107
754
456
897
176
946
782
728
709
21
823
973
387
923
90
386
622

File: primes_from_random.txt
Number of numbers: 18
Size in bytes: 87
Contents:
997
131
103
491
887
13
809
367
641
89
839
373
47
227
827
107
709
823

File: primes_with_last_digit_7.txt
Number of numbers: 4
Size in bytes: 16
Contents:
37
17
97
47

